0 CHECKIN
1 SVO 40 RUSSIA 50 2 10 30 90 160 250
0 CUSTOMS
1 DME 60 RUSSIA 50 4 20 60 180 320 450
0 UPGRADE
2 RAILWAY 200 25 50 100 200
1 SIN 100 SEA 50 6 30 90 270 400 550
0 BAGGAGE 
1 KUL 100 SEA 50 6 30 90 270 400 550
1 JKT 120 SEA 50 8 40 100 300 450 600
0 BODYSEARCH
1 ITM 140 JAPAN 100 10 50 150 450 625 750
3 FASTFOOD 150
1 UKY 140 JAPAN 100 10 50 150 450 625 750
1 ICN 160 JAPAN 100 12 60 180 500 700 900
2 SHUTTLE 200 25 50 100 200
1 LHR 180 UK 100 14 70 200 550 750 950
0 CUSTOMS
1 FRA 180 UK 100 14 70 200 550 750 950
1 FLR 200 UK 100 16 80 220 600 800 1000
0 BOARDING
1 PEK 220 CHINA 150 18 90 250 700 875 1050
0 BAGGAGE
1 HKG 220 CHINA 150 18 90 250 700 875 1050
1 SHA 240 CHINA 150 20 100 300 750 925 1100
2 JET 200 25 50 100 200
1 YYZ 260 CAN 150 22 110 330 800 975 1150
1 YVR 260 CAN 150 22 110 330 800 975 1150
3 DUTYFREE 150
1 YYC 280 CAN 150 24 120 360 850 1025 1200
0 GOTOSCAN
1 LAX 300 USA 200 26 130 390 900 1100 1275
1 JFK 300 USA 200 26 130 390 900 1100 1275
0 CUSTOMS
1 MIA 300 USA 200 28 150 450 1000 1200 1400
2 SEGWAY 200 25 50 100 200
0 BAGGAGE
1 SYD 350 AUSTRALIA 200 35 175 500 1100 1300 1500
0 LATEFEE
1 MEB 400 AUSTRALIA 200 50 200 600 1400 1700 2000