1 AL 40 Arts1 50 2 10 30 90 160 250
0 SLC
1 ML 60 Arts1  50 4 20 60 180 320 450
0 TUITION
1 ECH 100 Arts2 50 6 30 90 270 400 550
2 MKV 200 25 50 100 200
1 PAS 100 Arts2 50 6 30 90 270 400 550
0 NEEDLESHALL
1 HH 120 Arts2 50 8 40 100 300 450 600
0 DCTimsLine
1 RCH 140 Eng 100 10 50 150 450 625 750
3 PAC 150
1 DWE 140 Eng 100 10 50 150 450 625 750
1 CPH 160 Eng 100 12 60 180 500 700 900
2 UWP 200 25 50 100 200
1 LHI 180 Health 100 14 70 200 550 750 950
0 SLC
1 BMH 180 Health 100 14 70 200 550 750 950
1 OPT 200 Health 100 16 80 220 600 800 1000
0 GooseNesting
1 EV1 220 Env 150 18 90 250 700 875 1050
0 NEEDLESHALL
1 EV2 220 Env 150 18 90 250 700 875 1050
1 EV3 240 Env 150 20 100 300 750 925 1100
2 V1 200 25 50 100 200
1 PHYS 260 Sci1 150 22 110 330 800 975 1150
1 B1 260 Sci1 150 22 110 330 800 975 1150
3 CIF 150
1 B2 280 Sci1 150 24 120 360 850 1025 1200
0 GOTOTIMS
1 EIT 300 Sci2 200 26 130 390 900 1100 1275
1 ESC 300 Sci2 200 26 130 390 900 1100 1275
0 SLC
1 C2 320 Sci2 200 28 150 450 1000 1200 1400
2 REV 200 25 50 100 200
1 MC 350 Math 200 35 175 500 1100 1300 1500
0 COOPFEE
1 DC 400 Math 200 50 200 600 1400 1700 2000
